Row_ID,timestamp,frame_num,ped_id,x,y
0,0.0,0,1,-3.86,-18.56
1,4000.0,10,1,-3.86,-18.06
2,8000.0,20,1,-3.85,-17.56
3,12000.0,30,1,-3.85,-17.05
4,16000.0,40,1,-3.84,-16.55
5,20000.0,50,1,-3.84,-16.05
6,24000.0,60,1,-3.83,-15.55
7,28000.0,70,1,-3.83,-15.05
8,32000.0,80,1,-3.82,-14.55
9,36000.0,90,1,-3.83,-14.11
10,40000.0,100,1,-3.85,-13.69
11,44000.0,110,1,-3.86,-13.28
12,48000.0,120,1,-3.88,-12.86
13,52000.0,130,1,-3.9,-12.44
14,56000.0,140,1,-3.91,-12.03
15,60000.0,150,1,-3.93,-11.61
16,64000.0,160,1,-3.94,-11.21
17,68000.0,170,1,-3.94,-10.85
18,72000.0,180,1,-3.93,-10.49
19,76000.0,190,1,-3.93,-10.13
20,0.0,0,3,-6.48,-23.16
21,4000.0,10,3,-6.46,-22.49
22,8000.0,20,3,-6.44,-21.82
23,12000.0,30,3,-6.42,-21.16
24,16000.0,40,3,-6.41,-20.49
25,20000.0,50,3,-6.39,-19.82
26,24000.0,60,3,-6.41,-19.23
27,28000.0,70,3,-6.44,-18.68
28,32000.0,80,3,-6.48,-18.13
29,36000.0,90,3,-6.52,-17.58
30,40000.0,100,3,-6.53,-17.11
31,44000.0,110,3,-6.5,-16.77
32,48000.0,120,3,-6.46,-16.43
33,52000.0,130,3,-6.42,-16.24
34,56000.0,140,3,-6.36,-16.41
35,60000.0,150,3,-6.3,-16.58
36,64000.0,160,3,-6.24,-16.75
37,68000.0,170,3,-6.18,-16.92
38,72000.0,180,3,-6.12,-17.08
39,76000.0,190,3,-6.06,-17.04
40,0.0,0,6,-5.88,-23.47
41,4000.0,10,6,-6.01,-23.45
42,8000.0,20,6,-6.13,-23.43
43,12000.0,30,6,-6.25,-23.41
44,16000.0,40,6,-6.37,-23.38
45,20000.0,50,6,-6.5,-23.36
46,24000.0,60,6,-6.44,-23.0
47,28000.0,70,6,-6.39,-22.63
48,32000.0,80,6,-6.34,-22.27
49,36000.0,90,6,-6.29,-21.9
50,40000.0,100,6,-6.26,-21.55
51,44000.0,110,6,-6.23,-21.21
52,48000.0,120,6,-6.2,-20.86
53,52000.0,130,6,-6.17,-20.51
54,56000.0,140,6,-6.14,-20.17
55,60000.0,150,6,-6.05,-19.77
56,64000.0,160,6,-5.97,-19.38
57,68000.0,170,6,-5.88,-18.98
58,72000.0,180,6,-5.79,-18.59
59,76000.0,190,6,-5.71,-18.19
60,0.0,0,9,-3.0,-17.62
61,4000.0,10,9,-3.03,-17.23
62,8000.0,20,9,-3.06,-16.85
63,12000.0,30,9,-3.09,-16.47
64,16000.0,40,9,-3.13,-16.09
65,20000.0,50,9,-3.16,-15.71
66,24000.0,60,9,-3.19,-15.33
67,28000.0,70,9,-3.22,-14.95
68,32000.0,80,9,-3.26,-14.56
69,36000.0,90,9,-3.29,-14.18
70,40000.0,100,9,-3.32,-13.8
71,44000.0,110,9,-3.35,-13.42
72,48000.0,120,9,-3.39,-13.04
73,52000.0,130,9,-3.42,-12.66
74,56000.0,140,9,-3.44,-12.21
75,60000.0,150,9,-3.47,-11.76
76,64000.0,160,9,-3.5,-11.3
77,68000.0,170,9,-3.52,-10.85
78,72000.0,180,9,-3.55,-10.4
79,76000.0,190,9,-3.57,-9.95
80,0.0,0,10,-2.18,-16.67
81,4000.0,10,10,-2.19,-16.32
82,8000.0,20,10,-2.19,-15.97
83,12000.0,30,10,-2.2,-15.62
84,16000.0,40,10,-2.2,-15.27
85,20000.0,50,10,-2.21,-14.92
86,24000.0,60,10,-2.22,-14.58
87,28000.0,70,10,-2.35,-14.32
88,32000.0,80,10,-2.47,-14.05
89,36000.0,90,10,-2.58,-13.74
90,40000.0,100,10,-2.65,-13.33
91,44000.0,110,10,-2.73,-12.92
92,48000.0,120,10,-2.8,-12.5
93,52000.0,130,10,-2.88,-12.09
94,56000.0,140,10,-2.95,-11.68
95,60000.0,150,10,-3.03,-11.27
96,64000.0,160,10,-3.06,-10.83
97,68000.0,170,10,-3.08,-10.38
98,72000.0,180,10,-3.1,-9.93
99,76000.0,190,10,-3.11,-9.48
100,0.0,0,12,-1.43,-18.35
101,4000.0,10,12,-1.36,-17.92
102,8000.0,20,12,-1.28,-17.49
103,12000.0,30,12,-1.21,-17.06
104,16000.0,40,12,-1.14,-16.63
105,20000.0,50,12,-1.06,-16.2
106,24000.0,60,12,-1.09,-15.74
107,28000.0,70,12,-1.13,-15.27
108,32000.0,80,12,-1.16,-14.8
109,36000.0,90,12,-1.19,-14.33
110,40000.0,100,12,-1.22,-13.86
111,44000.0,110,12,-1.25,-13.4
112,48000.0,120,12,-1.28,-12.93
113,52000.0,130,12,-1.31,-12.46
114,56000.0,140,12,-1.35,-12.03
115,60000.0,150,12,-1.41,-11.67
116,64000.0,160,12,-1.48,-11.31
117,68000.0,170,12,-1.54,-10.96
118,72000.0,180,12,-1.6,-10.56
119,76000.0,190,12,-1.65,-10.15
120,0.0,0,14,-2.26,-19.85
121,4000.0,10,14,-2.18,-19.57
122,8000.0,20,14,-2.09,-19.29
123,12000.0,30,14,-2.0,-19.0
124,16000.0,40,14,-1.91,-18.72
125,20000.0,50,14,-1.81,-18.35
126,24000.0,60,14,-1.66,-17.76
127,28000.0,70,14,-1.51,-17.17
128,32000.0,80,14,-1.36,-16.58
129,36000.0,90,14,-1.26,-16.04
130,40000.0,100,14,-1.29,-15.64
131,44000.0,110,14,-1.33,-15.23
132,48000.0,120,14,-1.36,-14.83
133,52000.0,130,14,-1.39,-14.43
134,56000.0,140,14,-1.42,-14.02
135,60000.0,150,14,-1.45,-13.62
136,64000.0,160,14,-1.46,-13.19
137,68000.0,170,14,-1.45,-12.75
138,72000.0,180,14,-1.44,-12.3
139,76000.0,190,14,-1.43,-11.85
140,0.0,0,16,-1.57,-21.95
141,4000.0,10,16,-1.42,-21.47
142,8000.0,20,16,-1.28,-20.99
143,12000.0,30,16,-1.13,-20.51
144,16000.0,40,16,-0.99,-20.03
145,20000.0,50,16,-0.85,-19.55
146,24000.0,60,16,-0.77,-19.11
147,28000.0,70,16,-0.81,-18.73
148,32000.0,80,16,-0.84,-18.35
149,36000.0,90,16,-0.75,-17.84
150,40000.0,100,16,-0.64,-17.32
151,44000.0,110,16,-0.53,-16.91
152,48000.0,120,16,-0.42,-16.66
153,52000.0,130,16,-0.3,-16.41
154,56000.0,140,16,-0.19,-16.16
155,60000.0,150,16,-0.07,-15.91
156,64000.0,160,16,-0.1,-15.74
157,68000.0,170,16,-0.17,-15.6
158,72000.0,180,16,-0.23,-15.46
159,76000.0,190,16,-0.29,-15.32
160,0.0,0,19,-0.86,-20.99
161,4000.0,10,19,-0.78,-20.59
162,8000.0,20,19,-0.7,-20.19
163,12000.0,30,19,-0.62,-19.79
164,16000.0,40,19,-0.53,-19.39
165,20000.0,50,19,-0.45,-18.99
166,24000.0,60,19,-0.31,-18.67
167,28000.0,70,19,-0.17,-18.34
168,32000.0,80,19,-0.02,-18.02
169,36000.0,90,19,0.12,-17.7
170,40000.0,100,19,0.21,-17.44
171,44000.0,110,19,0.21,-17.3
172,48000.0,120,19,0.22,-17.15
173,52000.0,130,19,0.22,-17.01
174,56000.0,140,19,0.23,-16.86
175,60000.0,150,19,0.22,-16.57
176,64000.0,160,19,0.2,-16.04
177,68000.0,170,19,0.17,-15.52
178,72000.0,180,19,0.15,-15.0
179,76000.0,190,19,0.12,-14.47
180,0.0,0,22,-0.65,-22.07
181,4000.0,10,22,-0.56,-21.7
182,8000.0,20,22,-0.47,-21.34
183,12000.0,30,22,-0.38,-20.97
184,16000.0,40,22,-0.29,-20.61
185,20000.0,50,22,-0.2,-20.24
186,24000.0,60,22,-0.11,-19.87
187,28000.0,70,22,-0.02,-19.51
188,32000.0,80,22,-0.0,-19.19
189,36000.0,90,22,-0.03,-18.89
190,40000.0,100,22,-0.07,-18.59
191,44000.0,110,22,-0.1,-18.3
192,48000.0,120,22,-0.13,-18.0
193,52000.0,130,22,-0.16,-17.71
194,56000.0,140,22,-0.19,-17.41
195,60000.0,150,22,-0.22,-17.12
196,64000.0,160,22,-0.45,-16.87
197,68000.0,170,22,-0.72,-16.63
198,72000.0,180,22,-1.0,-16.39
199,76000.0,190,22,-1.27,-16.15
200,0.0,0,25,-3.8,-22.5
201,4000.0,10,25,-3.74,-21.92
202,8000.0,20,25,-3.68,-21.33
203,12000.0,30,25,-3.61,-20.75
204,16000.0,40,25,-3.55,-20.16
205,20000.0,50,25,-3.48,-19.58
206,24000.0,60,25,-3.42,-19.0
207,28000.0,70,25,-3.35,-18.41
208,32000.0,80,25,-3.29,-17.83
209,36000.0,90,25,-3.23,-17.24
210,40000.0,100,25,-3.19,-16.74
211,44000.0,110,25,-3.17,-16.27
212,48000.0,120,25,-3.14,-15.8
213,52000.0,130,25,-3.12,-15.33
214,56000.0,140,25,-3.1,-14.86
215,60000.0,150,25,-3.07,-14.39
216,64000.0,160,25,-3.06,-13.93
217,68000.0,170,25,-3.07,-13.46
218,72000.0,180,25,-3.07,-13.0
219,76000.0,190,25,-3.08,-12.53
220,0.0,0,27,-2.85,-22.95
221,4000.0,10,27,-2.77,-22.39
222,8000.0,20,27,-2.7,-21.83
223,12000.0,30,27,-2.63,-21.28
224,16000.0,40,27,-2.55,-20.72
225,20000.0,50,27,-2.48,-20.17
226,24000.0,60,27,-2.41,-19.61
227,28000.0,70,27,-2.4,-19.01
228,32000.0,80,27,-2.47,-18.36
229,36000.0,90,27,-2.53,-17.71
230,40000.0,100,27,-2.6,-17.05
231,44000.0,110,27,-2.59,-16.44
232,48000.0,120,27,-2.56,-15.84
233,52000.0,130,27,-2.54,-15.24
234,56000.0,140,27,-2.51,-14.64
235,60000.0,150,27,-2.5,-14.07
236,64000.0,160,27,-2.58,-13.8
237,68000.0,170,27,-2.67,-13.52
238,72000.0,180,27,-2.65,-13.08
239,76000.0,190,27,-2.62,-12.62
240,0.0,0,29,-3.82,-19.48
241,4000.0,10,29,-3.85,-19.09
242,8000.0,20,29,-3.88,-18.71
243,12000.0,30,29,-3.91,-18.32
244,16000.0,40,29,-3.94,-17.94
245,20000.0,50,29,-3.97,-17.55
246,24000.0,60,29,-4.01,-17.16
247,28000.0,70,29,-4.12,-16.73
248,32000.0,80,29,-4.22,-16.31
249,36000.0,90,29,-4.32,-15.88
250,40000.0,100,29,-4.43,-15.45
251,44000.0,110,29,-4.53,-15.02
252,48000.0,120,29,-4.56,-14.52
253,52000.0,130,29,-4.58,-14.01
254,56000.0,140,29,-4.6,-13.5
255,60000.0,150,29,-4.62,-12.98
256,64000.0,160,29,-4.63,-12.48
257,68000.0,170,29,-4.65,-12.04
258,72000.0,180,29,-4.67,-11.59
259,76000.0,190,29,-4.68,-11.14
260,0.0,0,30,-4.91,-23.7
261,4000.0,10,30,-4.81,-23.14
262,8000.0,20,30,-4.72,-22.58
263,12000.0,30,30,-4.63,-22.02
264,16000.0,40,30,-4.53,-21.46
265,20000.0,50,30,-4.44,-20.9
266,24000.0,60,30,-4.35,-20.38
267,28000.0,70,30,-4.26,-19.86
268,32000.0,80,30,-4.17,-19.34
269,36000.0,90,30,-4.08,-18.81
270,40000.0,100,30,-3.99,-18.29
271,44000.0,110,30,-3.91,-17.77
272,48000.0,120,30,-3.92,-17.23
273,52000.0,130,30,-3.94,-16.69
274,56000.0,140,30,-3.96,-16.14
275,60000.0,150,30,-3.98,-15.6
276,64000.0,160,30,-4.03,-15.2
277,68000.0,170,30,-4.08,-14.83
278,72000.0,180,30,-4.14,-14.46
279,76000.0,190,30,-4.18,-14.18
280,0.0,0,32,-5.48,-24.25
281,4000.0,10,32,-5.44,-23.76
282,8000.0,20,32,-5.4,-23.27
283,12000.0,30,32,-5.36,-22.78
284,16000.0,40,32,-5.32,-22.29
285,20000.0,50,32,-5.28,-21.8
286,24000.0,60,32,-5.24,-21.31
287,28000.0,70,32,-5.2,-20.82
288,32000.0,80,32,-5.14,-20.25
289,36000.0,90,32,-5.07,-19.63
290,40000.0,100,32,-5.0,-19.02
291,44000.0,110,32,-4.93,-18.4
292,48000.0,120,32,-4.86,-17.79
293,52000.0,130,32,-4.79,-17.17
294,56000.0,140,32,-4.72,-16.56
295,60000.0,150,32,-4.64,-15.94
296,64000.0,160,32,-4.65,-15.57
297,68000.0,170,32,-4.68,-15.27
298,72000.0,180,32,-4.7,-14.96
299,76000.0,190,32,-4.73,-14.66
300,0.0,0,34,-3.46,-30.22
301,4000.0,10,34,-3.42,-29.62
302,8000.0,20,34,-3.39,-29.02
303,12000.0,30,34,-3.35,-28.42
304,16000.0,40,34,-3.32,-27.82
305,20000.0,50,34,-3.28,-27.22
306,24000.0,60,34,-3.25,-26.62
307,28000.0,70,34,-3.21,-26.02
308,32000.0,80,34,-3.17,-25.42
309,36000.0,90,34,-3.14,-24.82
310,40000.0,100,34,-3.1,-24.22
311,44000.0,110,34,-3.07,-23.62
312,48000.0,120,34,-3.09,-23.14
313,52000.0,130,34,-3.13,-22.69
314,56000.0,140,34,-3.17,-22.23
315,60000.0,150,34,-3.21,-21.78
316,64000.0,160,34,-3.25,-21.32
317,68000.0,170,34,-3.29,-20.87
318,72000.0,180,34,-3.33,-20.41
319,76000.0,190,34,-3.37,-19.96
320,0.0,0,37,-4.36,-28.59
321,4000.0,10,37,-4.32,-28.03
322,8000.0,20,37,-4.28,-27.47
323,12000.0,30,37,-4.23,-26.91
324,16000.0,40,37,-4.19,-26.35
325,20000.0,50,37,-4.15,-25.79
326,24000.0,60,37,-4.1,-25.23
327,28000.0,70,37,-4.06,-24.67
328,32000.0,80,37,-4.01,-24.11
329,36000.0,90,37,-3.94,-23.55
330,40000.0,100,37,-3.88,-22.99
331,44000.0,110,37,-3.82,-22.44
332,48000.0,120,37,-3.75,-21.88
333,52000.0,130,37,-3.69,-21.32
334,56000.0,140,37,-3.63,-20.76
335,60000.0,150,37,-3.57,-20.2
336,64000.0,160,37,-3.5,-19.64
337,68000.0,170,37,-3.46,-19.16
338,72000.0,180,37,-3.42,-18.68
339,76000.0,190,37,-3.37,-18.21
340,0.0,0,40,-5.09,-28.45
341,4000.0,10,40,-5.01,-27.92
342,8000.0,20,40,-4.93,-27.38
343,12000.0,30,40,-4.85,-26.85
344,16000.0,40,40,-4.77,-26.32
345,20000.0,50,40,-4.69,-25.78
346,24000.0,60,40,-4.61,-25.25
347,28000.0,70,40,-4.53,-24.71
348,32000.0,80,40,-4.48,-24.19
349,36000.0,90,40,-4.42,-23.67
350,40000.0,100,40,-4.37,-23.15
351,44000.0,110,40,-4.32,-22.63
352,48000.0,120,40,-4.26,-22.11
353,52000.0,130,40,-4.21,-21.59
354,56000.0,140,40,-4.16,-21.07
355,60000.0,150,40,-4.1,-20.55
356,64000.0,160,40,-4.05,-20.04
357,68000.0,170,40,-4.0,-19.52
358,72000.0,180,40,-3.94,-19.0
359,76000.0,190,40,-3.89,-18.48
360,0.0,0,43,-5.56,-28.57
361,4000.0,10,43,-5.49,-27.92
362,8000.0,20,43,-5.43,-27.27
363,12000.0,30,43,-5.36,-26.62
364,16000.0,40,43,-5.29,-25.97
365,20000.0,50,43,-5.23,-25.32
366,24000.0,60,43,-5.16,-24.67
367,28000.0,70,43,-5.1,-24.09
368,32000.0,80,43,-5.04,-23.59
369,36000.0,90,43,-4.99,-23.08
370,40000.0,100,43,-4.93,-22.57
371,44000.0,110,43,-4.87,-22.06
372,48000.0,120,43,-4.82,-21.56
373,52000.0,130,43,-4.76,-21.05
374,56000.0,140,43,-4.7,-20.54
375,60000.0,150,43,-4.65,-20.04
376,64000.0,160,43,-4.59,-19.53
377,68000.0,170,43,-4.53,-19.05
378,72000.0,180,43,-4.46,-18.59
379,76000.0,190,43,-4.39,-18.12
380,0.0,0,46,-7.03,-30.1
381,4000.0,10,46,-6.91,-29.43
382,8000.0,20,46,-6.79,-28.75
383,12000.0,30,46,-6.67,-28.08
384,16000.0,40,46,-6.55,-27.4
385,20000.0,50,46,-6.43,-26.72
386,24000.0,60,46,-6.31,-26.05
387,28000.0,70,46,-6.19,-25.37
388,32000.0,80,46,-6.07,-24.71
389,36000.0,90,46,-5.96,-24.1
390,40000.0,100,46,-5.85,-23.49
391,44000.0,110,46,-5.73,-22.87
392,48000.0,120,46,-5.62,-22.26
393,52000.0,130,46,-5.51,-21.65
394,56000.0,140,46,-5.4,-21.04
395,60000.0,150,46,-5.29,-20.46
396,64000.0,160,46,-5.2,-19.93
397,68000.0,170,46,-5.11,-19.39
398,72000.0,180,46,-5.02,-18.86
399,76000.0,190,46,-4.93,-18.32
400,0.0,0,49,-6.81,-31.92
401,4000.0,10,49,-6.83,-31.42
402,8000.0,20,49,-6.85,-30.92
403,12000.0,30,49,-6.87,-30.42
404,16000.0,40,49,-6.89,-29.91
405,20000.0,50,49,-6.91,-29.41
406,24000.0,60,49,-6.94,-28.91
407,28000.0,70,49,-6.96,-28.41
408,32000.0,80,49,-6.98,-27.91
409,36000.0,90,49,-7.0,-27.41
410,40000.0,100,49,-7.02,-26.9
411,44000.0,110,49,-6.96,-26.31
412,48000.0,120,49,-6.91,-25.73
413,52000.0,130,49,-6.86,-25.14
414,56000.0,140,49,-6.8,-24.56
415,60000.0,150,49,-6.75,-23.97
416,64000.0,160,49,-6.7,-23.38
417,68000.0,170,49,-6.64,-22.8
418,72000.0,180,49,-6.59,-22.21
419,76000.0,190,49,-6.52,-21.64
420,0.0,0,55,-5.59,-35.21
421,4000.0,10,55,-5.58,-35.14
422,8000.0,20,55,-5.57,-35.07
423,12000.0,30,55,-5.56,-35.0
424,16000.0,40,55,-5.54,-34.93
425,20000.0,50,55,-5.53,-34.86
426,24000.0,60,55,-5.52,-34.79
427,28000.0,70,55,-5.51,-34.72
428,32000.0,80,55,-5.49,-34.65
429,36000.0,90,55,-5.48,-34.58
430,40000.0,100,55,-5.47,-34.52
431,44000.0,110,55,-5.46,-34.45
432,48000.0,120,55,-5.44,-34.38
433,52000.0,130,55,-5.43,-34.31
434,56000.0,140,55,-5.47,-34.16
435,60000.0,150,55,-5.53,-33.98
436,64000.0,160,55,-5.58,-33.8
437,68000.0,170,55,-5.64,-33.62
438,72000.0,180,55,-5.7,-33.44
439,76000.0,190,55,-5.74,-33.19
440,0.0,0,58,-4.87,-34.13
441,4000.0,10,58,-4.89,-34.15
442,8000.0,20,58,-4.91,-34.18
443,12000.0,30,58,-4.94,-34.2
444,16000.0,40,58,-4.96,-34.23
445,20000.0,50,58,-4.98,-34.25
446,24000.0,60,58,-5.0,-34.28
447,28000.0,70,58,-5.02,-34.3
448,32000.0,80,58,-5.05,-34.32
449,36000.0,90,58,-5.07,-34.35
450,40000.0,100,58,-5.09,-34.37
451,44000.0,110,58,-5.11,-34.4
452,48000.0,120,58,-5.13,-34.42
453,52000.0,130,58,-5.16,-34.45
454,56000.0,140,58,-5.18,-34.47
455,60000.0,150,58,-5.2,-34.5
456,64000.0,160,58,-5.19,-34.12
457,68000.0,170,58,-5.16,-33.63
458,72000.0,180,58,-5.14,-33.15
459,76000.0,190,58,-5.11,-32.66
460,12000.0,30,52,-6.3,-34.17
461,16000.0,40,52,-6.06,-32.98
462,20000.0,50,52,-6.09,-32.51
463,24000.0,60,52,-6.13,-32.04
464,28000.0,70,52,-6.16,-31.57
465,32000.0,80,52,-6.2,-31.1
466,36000.0,90,52,-6.23,-30.64
467,40000.0,100,52,-6.26,-30.14
468,44000.0,110,52,-6.25,-29.37
469,48000.0,120,52,-6.24,-28.59
470,52000.0,130,52,-6.23,-27.82
471,56000.0,140,52,-6.22,-27.05
472,60000.0,150,52,-6.21,-26.28
473,64000.0,160,52,-6.2,-25.51
474,68000.0,170,52,-6.21,-25.0
475,72000.0,180,52,-6.25,-24.66
476,76000.0,190,52,-6.28,-24.31
477,80000.0,200,52,-6.31,-23.97
478,84000.0,210,52,-6.34,-23.63
479,88000.0,220,52,-6.22,-23.6
480,80000.0,200,2,-3.92,-9.77
481,84000.0,210,2,-3.92,-9.41
482,88000.0,220,2,-3.91,-9.05
483,92000.0,230,2,-4.0,-8.68
484,96000.0,240,2,-4.08,-8.32
485,100000.0,250,2,-4.17,-7.95
486,104000.0,260,2,-4.25,-7.59
487,108000.0,270,2,-4.33,-7.22
488,112000.0,280,2,-4.42,-6.86
489,116000.0,290,2,-4.59,-6.6
490,120000.0,300,2,-4.77,-6.35
491,124000.0,310,2,-4.94,-6.1
492,128000.0,320,2,-5.12,-5.85
493,132000.0,330,2,-5.3,-5.6
494,136000.0,340,2,-5.48,-5.34
495,140000.0,350,2,-5.64,-5.07
496,144000.0,360,2,-5.79,-4.8
497,148000.0,370,2,-5.98,-4.6
498,152000.0,380,2,-6.21,-4.49
499,156000.0,390,2,-6.44,-4.38
500,80000.0,200,4,-6.01,-16.68
501,84000.0,210,4,-5.96,-16.32
502,88000.0,220,4,-5.91,-15.96
503,92000.0,230,4,-5.86,-15.59
504,96000.0,240,4,-5.81,-15.23
505,100000.0,250,4,-5.77,-14.87
506,104000.0,260,4,-5.72,-14.51
507,108000.0,270,4,-5.67,-14.14
508,112000.0,280,4,-5.62,-13.78
509,116000.0,290,4,-5.57,-13.42
510,120000.0,300,4,-5.52,-13.06
511,124000.0,310,4,-5.47,-12.7
512,128000.0,320,4,-5.42,-12.33
513,132000.0,330,4,-5.39,-11.98
514,136000.0,340,4,-5.48,-11.7
515,140000.0,350,4,-5.57,-11.42
516,144000.0,360,4,-5.66,-11.14
517,148000.0,370,4,-5.76,-10.85
518,152000.0,380,4,-5.85,-10.57
519,156000.0,390,4,-5.91,-10.22
520,80000.0,200,7,-5.62,-17.8
521,84000.0,210,7,-5.54,-17.35
522,88000.0,220,7,-5.45,-16.88
523,92000.0,230,7,-5.37,-16.41
524,96000.0,240,7,-5.28,-15.95
525,100000.0,250,7,-5.2,-15.48
526,104000.0,260,7,-5.11,-15.01
527,108000.0,270,7,-5.03,-14.55
528,112000.0,280,7,-4.94,-14.08
529,116000.0,290,7,-4.86,-13.61
530,120000.0,300,7,-4.78,-13.16
531,124000.0,310,7,-4.74,-12.75
532,128000.0,320,7,-4.7,-12.34
533,132000.0,330,7,-4.65,-11.93
534,136000.0,340,7,-4.61,-11.52
535,140000.0,350,7,-4.57,-11.11
536,144000.0,360,7,-4.52,-10.71
537,148000.0,370,7,-4.48,-10.3
538,152000.0,380,7,-4.48,-9.95
539,156000.0,390,7,-4.48,-9.62
540,80000.0,200,11,-3.13,-9.03
541,84000.0,210,11,-3.15,-8.58
542,88000.0,220,11,-3.17,-8.12
543,92000.0,230,11,-3.19,-7.71
544,96000.0,240,11,-3.22,-7.38
545,100000.0,250,11,-3.25,-7.06
546,104000.0,260,11,-3.29,-6.73
547,108000.0,270,11,-3.32,-6.4
548,112000.0,280,11,-3.35,-6.07
549,116000.0,290,11,-3.38,-5.74
550,120000.0,300,11,-3.41,-5.35
551,124000.0,310,11,-3.43,-4.95
552,128000.0,320,11,-3.46,-4.54
553,132000.0,330,11,-3.48,-4.13
554,136000.0,340,11,-3.53,-3.76
555,140000.0,350,11,-3.58,-3.4
556,144000.0,360,11,-3.64,-3.04
557,148000.0,370,11,-3.73,-2.76
558,152000.0,380,11,-3.84,-2.53
559,156000.0,390,11,-3.95,-2.29
560,80000.0,200,13,-1.71,-9.73
561,84000.0,210,13,-1.76,-9.32
562,88000.0,220,13,-1.82,-8.9
563,92000.0,230,13,-1.87,-8.49
564,96000.0,240,13,-1.93,-8.07
565,100000.0,250,13,-1.99,-7.69
566,104000.0,260,13,-2.05,-7.35
567,108000.0,270,13,-2.12,-7.0
568,112000.0,280,13,-2.19,-6.66
569,116000.0,290,13,-2.25,-6.31
570,120000.0,300,13,-2.32,-5.97
571,124000.0,310,13,-2.4,-5.65
572,128000.0,320,13,-2.5,-5.35
573,132000.0,330,13,-2.59,-5.04
574,136000.0,340,13,-2.69,-4.74
575,140000.0,350,13,-2.78,-4.44
576,144000.0,360,13,-2.87,-4.13
577,148000.0,370,13,-2.95,-3.83
578,152000.0,380,13,-3.02,-3.53
579,156000.0,390,13,-3.1,-3.22
580,80000.0,200,15,-1.44,-11.46
581,84000.0,210,15,-1.46,-11.09
582,88000.0,220,15,-1.47,-10.72
583,92000.0,230,15,-1.48,-10.35
584,96000.0,240,15,-1.49,-9.98
585,100000.0,250,15,-1.51,-9.61
586,104000.0,260,15,-1.52,-9.24
587,108000.0,270,15,-1.54,-8.89
588,112000.0,280,15,-1.56,-8.55
589,116000.0,290,15,-1.57,-8.21
590,120000.0,300,15,-1.59,-7.88
591,124000.0,310,15,-1.61,-7.54
592,128000.0,320,15,-1.63,-7.21
593,132000.0,330,15,-1.72,-6.79
594,136000.0,340,15,-1.81,-6.38
595,140000.0,350,15,-1.9,-5.97
596,144000.0,360,15,-1.98,-5.58
597,148000.0,370,15,-2.02,-5.24
598,152000.0,380,15,-2.07,-4.89
599,156000.0,390,15,-2.11,-4.55
600,80000.0,200,17,-0.36,-15.17
601,84000.0,210,17,-0.42,-15.03
602,88000.0,220,17,-0.49,-14.89
603,92000.0,230,17,-0.7,-14.67
604,96000.0,240,17,-0.98,-14.42
605,100000.0,250,17,-1.27,-14.17
606,104000.0,260,17,-1.55,-13.92
607,108000.0,270,17,-1.83,-13.67
608,112000.0,280,17,-2.09,-13.31
609,116000.0,290,17,-2.35,-12.95
610,120000.0,300,17,-2.61,-12.59
611,124000.0,310,17,-2.85,-12.23
612,128000.0,320,17,-3.04,-11.87
613,132000.0,330,17,-3.23,-11.51
614,136000.0,340,17,-3.42,-11.16
615,140000.0,350,17,-3.61,-10.8
616,144000.0,360,17,-3.62,-10.45
617,148000.0,370,17,-3.61,-10.1
618,152000.0,380,17,-3.61,-9.75
619,156000.0,390,17,-3.6,-9.41
620,80000.0,200,20,0.01,-14.06
621,84000.0,210,20,-0.23,-13.81
622,88000.0,220,20,-0.47,-13.57
623,92000.0,230,20,-0.72,-13.32
624,96000.0,240,20,-0.96,-13.08
625,100000.0,250,20,-1.2,-12.83
626,104000.0,260,20,-1.45,-12.61
627,108000.0,270,20,-1.74,-12.46
628,112000.0,280,20,-2.02,-12.32
629,116000.0,290,20,-2.28,-12.05
630,120000.0,300,20,-2.53,-11.76
631,124000.0,310,20,-2.78,-11.46
632,128000.0,320,20,-2.88,-11.08
633,132000.0,330,20,-2.98,-10.7
634,136000.0,340,20,-3.08,-10.32
635,140000.0,350,20,-3.18,-9.95
636,144000.0,360,20,-3.16,-9.55
637,148000.0,370,20,-3.13,-9.16
638,152000.0,380,20,-3.1,-8.77
639,156000.0,390,20,-3.1,-8.43
640,80000.0,200,23,-1.6,-15.92
641,84000.0,210,23,-1.93,-15.68
642,88000.0,220,23,-2.27,-15.44
643,92000.0,230,23,-2.61,-15.21
644,96000.0,240,23,-2.93,-14.95
645,100000.0,250,23,-3.11,-14.49
646,104000.0,260,23,-3.29,-14.02
647,108000.0,270,23,-3.47,-13.56
648,112000.0,280,23,-3.63,-13.27
649,116000.0,290,23,-3.8,-12.98
650,120000.0,300,23,-3.96,-12.69
651,124000.0,310,23,-4.12,-12.4
652,128000.0,320,23,-4.09,-11.99
653,132000.0,330,23,-4.05,-11.58
654,136000.0,340,23,-4.01,-11.17
655,140000.0,350,23,-3.97,-10.76
656,144000.0,360,23,-3.96,-10.41
657,148000.0,370,23,-3.97,-10.1
658,152000.0,380,23,-3.98,-9.79
659,156000.0,390,23,-3.99,-9.49
660,80000.0,200,26,-3.08,-12.07
661,84000.0,210,26,-3.09,-11.6
662,88000.0,220,26,-3.09,-11.13
663,92000.0,230,26,-3.12,-10.73
664,96000.0,240,26,-3.14,-10.35
665,100000.0,250,26,-3.17,-9.97
666,104000.0,260,26,-3.2,-9.59
667,108000.0,270,26,-3.22,-9.21
668,112000.0,280,26,-3.25,-8.82
669,116000.0,290,26,-3.28,-8.44
670,120000.0,300,26,-3.31,-8.06
671,124000.0,310,26,-3.33,-7.68
672,128000.0,320,26,-3.36,-7.3
673,132000.0,330,26,-3.36,-6.94
674,136000.0,340,26,-3.36,-6.57
675,140000.0,350,26,-3.35,-6.2
676,144000.0,360,26,-3.35,-5.84
677,148000.0,370,26,-3.36,-5.48
678,152000.0,380,26,-3.41,-5.14
679,156000.0,390,26,-3.45,-4.79
680,80000.0,200,28,-2.59,-12.16
681,84000.0,210,28,-2.62,-11.81
682,88000.0,220,28,-2.72,-11.56
683,92000.0,230,28,-2.81,-11.31
684,96000.0,240,28,-2.85,-10.98
685,100000.0,250,28,-2.8,-10.53
686,104000.0,260,28,-2.75,-10.08
687,108000.0,270,28,-2.7,-9.63
688,112000.0,280,28,-2.64,-9.2
689,116000.0,290,28,-2.57,-8.79
690,120000.0,300,28,-2.5,-8.39
691,124000.0,310,28,-2.43,-7.98
692,128000.0,320,28,-2.41,-7.55
693,132000.0,330,28,-2.42,-7.1
694,136000.0,340,28,-2.43,-6.65
695,140000.0,350,28,-2.47,-6.19
696,144000.0,360,28,-2.61,-5.72
697,148000.0,370,28,-2.76,-5.25
698,152000.0,380,28,-2.84,-4.81
699,156000.0,390,28,-2.83,-4.41
700,80000.0,200,31,-4.2,-13.92
701,84000.0,210,31,-4.23,-13.67
702,88000.0,220,31,-4.25,-13.42
703,92000.0,230,31,-4.25,-13.15
704,96000.0,240,31,-4.2,-12.87
705,100000.0,250,31,-4.15,-12.58
706,104000.0,260,31,-4.09,-12.3
707,108000.0,270,31,-4.04,-12.01
708,112000.0,280,31,-4.05,-11.74
709,116000.0,290,31,-4.06,-11.47
710,120000.0,300,31,-4.07,-11.2
711,124000.0,310,31,-4.08,-10.93
712,128000.0,320,31,-4.09,-10.66
713,132000.0,330,31,-4.1,-10.38
714,136000.0,340,31,-4.16,-10.07
715,140000.0,350,31,-4.22,-9.76
716,144000.0,360,31,-4.25,-9.39
717,148000.0,370,31,-4.26,-8.99
718,152000.0,380,31,-4.26,-8.59
719,156000.0,390,31,-4.26,-8.19
720,80000.0,200,33,-4.75,-14.35
721,84000.0,210,33,-4.78,-14.05
722,88000.0,220,33,-4.8,-13.74
723,92000.0,230,33,-4.82,-13.45
724,96000.0,240,33,-4.81,-13.21
725,100000.0,250,33,-4.8,-12.97
726,104000.0,260,33,-4.79,-12.73
727,108000.0,270,33,-4.78,-12.49
728,112000.0,280,33,-4.77,-12.24
729,116000.0,290,33,-4.73,-11.92
730,120000.0,300,33,-4.69,-11.59
731,124000.0,310,33,-4.65,-11.26
732,128000.0,320,33,-4.61,-10.93
733,132000.0,330,33,-4.57,-10.61
734,136000.0,340,33,-4.59,-10.26
735,140000.0,350,33,-4.63,-9.91
736,144000.0,360,33,-4.67,-9.56
737,148000.0,370,33,-4.7,-9.2
738,152000.0,380,33,-4.74,-8.85
739,156000.0,390,33,-4.76,-8.5
740,80000.0,200,35,-3.38,-19.56
741,84000.0,210,35,-3.4,-19.15
742,88000.0,220,35,-3.42,-18.74
743,92000.0,230,35,-3.44,-18.33
744,96000.0,240,35,-3.46,-17.92
745,100000.0,250,35,-3.48,-17.52
746,104000.0,260,35,-3.5,-17.11
747,108000.0,270,35,-3.51,-16.7
748,112000.0,280,35,-3.5,-16.29
749,116000.0,290,35,-3.49,-15.88
750,120000.0,300,35,-3.48,-15.46
751,124000.0,310,35,-3.47,-15.05
752,128000.0,320,35,-3.46,-14.64
753,132000.0,330,35,-3.45,-14.23
754,136000.0,340,35,-3.44,-13.82
755,140000.0,350,35,-3.43,-13.41
756,144000.0,360,35,-3.42,-13.0
757,148000.0,370,35,-3.41,-12.61
758,152000.0,380,35,-3.4,-12.28
759,156000.0,390,35,-3.39,-11.94
760,80000.0,200,38,-3.33,-17.73
761,84000.0,210,38,-3.29,-17.25
762,88000.0,220,38,-3.25,-16.78
763,92000.0,230,38,-3.2,-16.3
764,96000.0,240,38,-3.16,-15.82
765,100000.0,250,38,-3.12,-15.35
766,104000.0,260,38,-3.09,-14.89
767,108000.0,270,38,-3.1,-14.5
768,112000.0,280,38,-3.11,-14.11
769,116000.0,290,38,-3.13,-13.72
770,120000.0,300,38,-3.14,-13.33
771,124000.0,310,38,-3.15,-12.94
772,128000.0,320,38,-3.16,-12.55
773,132000.0,330,38,-3.18,-12.16
774,136000.0,340,38,-3.16,-11.8
775,140000.0,350,38,-3.13,-11.45
776,144000.0,360,38,-3.09,-11.11
777,148000.0,370,38,-3.05,-10.76
778,152000.0,380,38,-3.01,-10.42
779,156000.0,390,38,-2.97,-10.08
780,80000.0,200,41,-3.84,-17.97
781,84000.0,210,41,-3.8,-17.53
782,88000.0,220,41,-3.76,-17.1
783,92000.0,230,41,-3.73,-16.67
784,96000.0,240,41,-3.69,-16.23
785,100000.0,250,41,-3.65,-15.8
786,104000.0,260,41,-3.62,-15.37
787,108000.0,270,41,-3.6,-14.89
788,112000.0,280,41,-3.59,-14.4
789,116000.0,290,41,-3.58,-13.93
790,120000.0,300,41,-3.59,-13.61
791,124000.0,310,41,-3.6,-13.28
792,128000.0,320,41,-3.61,-12.96
793,132000.0,330,41,-3.62,-12.64
794,136000.0,340,41,-3.63,-12.31
795,140000.0,350,41,-3.63,-11.98
796,144000.0,360,41,-3.59,-11.64
797,148000.0,370,41,-3.55,-11.29
798,152000.0,380,41,-3.51,-10.94
799,156000.0,390,41,-3.47,-10.6
800,80000.0,200,44,-4.32,-17.66
801,84000.0,210,44,-4.26,-17.2
802,88000.0,220,44,-4.19,-16.74
803,92000.0,230,44,-4.12,-16.27
804,96000.0,240,44,-4.05,-15.81
805,100000.0,250,44,-4.02,-15.41
806,104000.0,260,44,-4.02,-15.06
807,108000.0,270,44,-4.02,-14.71
808,112000.0,280,44,-4.01,-14.36
809,116000.0,290,44,-4.01,-14.02
810,120000.0,300,44,-4.01,-13.67
811,124000.0,310,44,-4.0,-13.32
812,128000.0,320,44,-3.98,-12.97
813,132000.0,330,44,-3.96,-12.62
814,136000.0,340,44,-3.94,-12.27
815,140000.0,350,44,-3.92,-11.92
816,144000.0,360,44,-3.91,-11.58
817,148000.0,370,44,-3.91,-11.25
818,152000.0,380,44,-3.9,-10.92
819,156000.0,390,44,-3.9,-10.6
820,80000.0,200,47,-4.84,-17.78
821,84000.0,210,47,-4.77,-17.32
822,88000.0,220,47,-4.73,-16.94
823,92000.0,230,47,-4.68,-16.55
824,96000.0,240,47,-4.64,-16.16
825,100000.0,250,47,-4.59,-15.77
826,104000.0,260,47,-4.55,-15.39
827,108000.0,270,47,-4.5,-15.0
828,112000.0,280,47,-4.47,-14.62
829,116000.0,290,47,-4.47,-14.27
830,120000.0,300,47,-4.47,-13.91
831,124000.0,310,47,-4.47,-13.56
832,128000.0,320,47,-4.47,-13.2
833,132000.0,330,47,-4.47,-12.86
834,136000.0,340,47,-4.47,-12.54
835,140000.0,350,47,-4.48,-12.22
836,144000.0,360,47,-4.48,-11.9
837,148000.0,370,47,-4.48,-11.58
838,152000.0,380,47,-4.48,-11.26
839,156000.0,390,47,-4.49,-10.94
840,80000.0,200,50,-6.41,-21.07
841,84000.0,210,50,-6.3,-20.51
842,88000.0,220,50,-6.19,-19.94
843,92000.0,230,50,-6.08,-19.38
844,96000.0,240,50,-5.97,-18.81
845,100000.0,250,50,-5.88,-18.59
846,104000.0,260,50,-5.82,-18.72
847,108000.0,270,50,-5.76,-18.85
848,112000.0,280,50,-5.7,-18.98
849,116000.0,290,50,-5.64,-19.11
850,120000.0,300,50,-5.58,-19.24
851,124000.0,310,50,-5.51,-19.37
852,128000.0,320,50,-5.45,-19.51
853,132000.0,330,50,-5.33,-19.63
854,136000.0,340,50,-5.13,-19.75
855,140000.0,350,50,-4.92,-19.87
856,144000.0,360,50,-4.72,-19.92
857,148000.0,370,50,-4.54,-19.84
858,152000.0,380,50,-4.35,-19.75
859,156000.0,390,50,-4.16,-19.67
860,80000.0,200,56,-5.63,-32.33
861,84000.0,210,56,-5.53,-31.47
862,88000.0,220,56,-5.43,-30.61
863,92000.0,230,56,-5.32,-29.75
864,96000.0,240,56,-5.22,-28.89
865,100000.0,250,56,-5.11,-28.03
866,104000.0,260,56,-5.0,-27.24
867,108000.0,270,56,-4.88,-26.5
868,112000.0,280,56,-4.77,-25.75
869,116000.0,290,56,-4.65,-25.01
870,120000.0,300,56,-4.53,-24.26
871,124000.0,310,56,-4.41,-23.52
872,128000.0,320,56,-4.3,-22.77
873,132000.0,330,56,-4.19,-22.09
874,136000.0,340,56,-4.11,-21.48
875,140000.0,350,56,-4.02,-20.87
876,144000.0,360,56,-3.94,-20.27
877,148000.0,370,56,-3.85,-19.66
878,152000.0,380,56,-3.77,-19.06
879,156000.0,390,56,-3.68,-18.45
880,80000.0,200,59,-5.09,-32.18
881,84000.0,210,59,-5.07,-31.7
882,88000.0,220,59,-4.96,-30.91
883,92000.0,230,59,-4.83,-30.08
884,96000.0,240,59,-4.71,-29.25
885,100000.0,250,59,-4.59,-28.43
886,104000.0,260,59,-4.47,-27.6
887,108000.0,270,59,-4.35,-26.78
888,112000.0,280,59,-4.23,-25.95
889,116000.0,290,59,-4.11,-25.12
890,120000.0,300,59,-3.98,-24.3
891,124000.0,310,59,-3.86,-23.47
892,128000.0,320,59,-3.75,-22.71
893,132000.0,330,59,-3.67,-22.1
894,136000.0,340,59,-3.58,-21.49
895,140000.0,350,59,-3.5,-20.87
896,144000.0,360,59,-3.41,-20.26
897,148000.0,370,59,-3.33,-19.65
898,152000.0,380,59,-3.24,-19.04
899,156000.0,390,59,-3.16,-18.43
900,92000.0,230,53,-6.01,-23.79
901,96000.0,240,53,-5.79,-23.98
902,100000.0,250,53,-5.58,-24.17
903,104000.0,260,53,-5.39,-24.33
904,108000.0,270,53,-5.28,-24.43
905,112000.0,280,53,-5.17,-24.52
906,116000.0,290,53,-5.1,-24.38
907,120000.0,300,53,-5.08,-23.89
908,124000.0,310,53,-5.06,-23.41
909,128000.0,320,53,-5.04,-22.92
910,132000.0,330,53,-5.02,-22.43
911,136000.0,340,53,-4.96,-21.91
912,140000.0,350,53,-4.76,-21.27
913,144000.0,360,53,-4.55,-20.63
914,148000.0,370,53,-4.33,-20.19
915,152000.0,380,53,-4.09,-20.08
916,156000.0,390,53,-3.85,-19.97
917,160000.0,400,53,-3.7,-19.76
918,164000.0,410,53,-3.77,-19.33
919,168000.0,420,53,-3.83,-18.89
920,160000.0,400,5,-5.86,-9.57
921,164000.0,410,5,-5.8,-8.92
922,168000.0,420,5,-5.75,-8.3
923,172000.0,430,5,-5.74,-8.0
924,176000.0,440,5,-5.73,-7.7
925,180000.0,450,5,-5.72,-7.43
926,184000.0,460,5,-5.72,-7.22
927,188000.0,470,5,-5.73,-7.0
928,192000.0,480,5,-5.73,-6.79
929,196000.0,490,5,-5.74,-6.58
930,200000.0,500,5,-5.74,-6.37
931,204000.0,510,5,-5.74,-6.16
932,208000.0,520,5,-5.66,-5.79
933,212000.0,530,5,-5.55,-5.39
934,216000.0,540,5,-5.44,-4.99
935,220000.0,550,5,-5.33,-4.6
936,224000.0,560,5,-5.22,-4.2
937,228000.0,570,5,-5.17,-3.91
938,232000.0,580,5,-5.19,-3.74
939,236000.0,590,5,-5.2,-3.56
940,160000.0,400,8,-4.49,-9.29
941,164000.0,410,8,-4.49,-8.96
942,168000.0,420,8,-4.5,-8.63
943,172000.0,430,8,-4.5,-8.31
944,176000.0,440,8,-4.5,-8.0
945,180000.0,450,8,-4.49,-7.68
946,184000.0,460,8,-4.49,-7.37
947,188000.0,470,8,-4.49,-7.05
948,192000.0,480,8,-4.48,-6.74
949,196000.0,490,8,-4.48,-6.41
950,200000.0,500,8,-4.46,-6.07
951,204000.0,510,8,-4.44,-5.73
952,208000.0,520,8,-4.43,-5.39
953,212000.0,530,8,-4.41,-5.05
954,216000.0,540,8,-4.4,-4.71
955,220000.0,550,8,-4.38,-4.38
956,224000.0,560,8,-4.38,-4.1
957,228000.0,570,8,-4.38,-3.83
958,232000.0,580,8,-4.37,-3.55
959,236000.0,590,8,-4.37,-3.27
960,160000.0,400,18,-3.59,-9.06
961,164000.0,410,18,-3.59,-8.71
962,168000.0,420,18,-3.58,-8.37
963,172000.0,430,18,-3.57,-8.02
964,176000.0,440,18,-3.56,-7.67
965,180000.0,450,18,-3.51,-7.31
966,184000.0,460,18,-3.45,-6.95
967,188000.0,470,18,-3.4,-6.59
968,192000.0,480,18,-3.35,-6.24
969,196000.0,490,18,-3.29,-5.88
970,200000.0,500,18,-3.24,-5.52
971,204000.0,510,18,-3.27,-5.28
972,208000.0,520,18,-3.3,-5.03
973,212000.0,530,18,-3.33,-4.79
974,216000.0,540,18,-3.37,-4.55
975,220000.0,550,18,-3.4,-4.3
976,224000.0,560,18,-3.43,-4.06
977,228000.0,570,18,-3.4,-3.72
978,232000.0,580,18,-3.36,-3.35
979,236000.0,590,18,-3.32,-2.99
980,160000.0,400,21,-3.12,-8.11
981,164000.0,410,21,-3.13,-7.79
982,168000.0,420,21,-3.08,-7.44
983,172000.0,430,21,-3.04,-7.09
984,176000.0,440,21,-2.99,-6.75
985,180000.0,450,21,-2.94,-6.4
986,184000.0,460,21,-2.89,-6.05
987,188000.0,470,21,-2.86,-5.71
988,192000.0,480,21,-2.91,-5.44
989,196000.0,490,21,-2.97,-5.16
990,200000.0,500,21,-3.03,-4.89
991,204000.0,510,21,-3.09,-4.62
992,208000.0,520,21,-3.14,-4.33
993,212000.0,530,21,-3.17,-3.99
994,216000.0,540,21,-3.2,-3.65
995,220000.0,550,21,-3.22,-3.36
996,224000.0,560,21,-3.24,-3.07
997,228000.0,570,21,-3.26,-2.78
998,232000.0,580,21,-3.37,-2.54
999,236000.0,590,21,-3.5,-2.29
1000,160000.0,400,24,-4.0,-9.18
1001,164000.0,410,24,-4.01,-8.87
1002,168000.0,420,24,-4.01,-8.56
1003,172000.0,430,24,-4.02,-8.26
1004,176000.0,440,24,-4.03,-7.95
1005,180000.0,450,24,-4.04,-7.64
1006,184000.0,460,24,-4.05,-7.34
1007,188000.0,470,24,-4.06,-7.04
1008,192000.0,480,24,-4.07,-6.75
1009,196000.0,490,24,-4.08,-6.45
1010,200000.0,500,24,-4.09,-6.15
1011,204000.0,510,24,-4.08,-5.83
1012,208000.0,520,24,-4.02,-5.48
1013,212000.0,530,24,-3.96,-5.12
1014,216000.0,540,24,-3.91,-4.76
1015,220000.0,550,24,-3.86,-4.41
1016,224000.0,560,24,-3.89,-4.12
1017,228000.0,570,24,-3.92,-3.83
1018,232000.0,580,24,-3.95,-3.54
1019,236000.0,590,24,-3.98,-3.25
1020,160000.0,400,36,-3.37,-11.6
1021,164000.0,410,36,-3.36,-11.26
1022,168000.0,420,36,-3.35,-10.92
1023,172000.0,430,36,-3.33,-10.58
1024,176000.0,440,36,-3.33,-10.24
1025,180000.0,450,36,-3.36,-9.91
1026,184000.0,460,36,-3.39,-9.58
1027,188000.0,470,36,-3.42,-9.25
1028,192000.0,480,36,-3.45,-8.92
1029,196000.0,490,36,-3.48,-8.59
1030,200000.0,500,36,-3.48,-8.24
1031,204000.0,510,36,-3.48,-7.89
1032,208000.0,520,36,-3.48,-7.53
1033,212000.0,530,36,-3.48,-7.18
1034,216000.0,540,36,-3.48,-6.83
1035,220000.0,550,36,-3.48,-6.47
1036,224000.0,560,36,-3.47,-6.14
1037,228000.0,570,36,-3.45,-5.85
1038,232000.0,580,36,-3.43,-5.56
1039,236000.0,590,36,-3.41,-5.27
1040,160000.0,400,39,-2.94,-9.73
1041,164000.0,410,39,-2.9,-9.39
1042,168000.0,420,39,-2.88,-9.07
1043,172000.0,430,39,-2.87,-8.75
1044,176000.0,440,39,-2.85,-8.43
1045,180000.0,450,39,-2.84,-8.11
1046,184000.0,460,39,-2.82,-7.8
1047,188000.0,470,39,-2.81,-7.48
1048,192000.0,480,39,-2.79,-7.16
1049,196000.0,490,39,-2.78,-6.84
1050,200000.0,500,39,-2.78,-6.53
1051,204000.0,510,39,-2.77,-6.21
1052,208000.0,520,39,-2.77,-5.89
1053,212000.0,530,39,-2.77,-5.57
1054,216000.0,540,39,-2.77,-5.26
1055,220000.0,550,39,-2.77,-4.94
1056,224000.0,560,39,-2.76,-4.63
1057,228000.0,570,39,-2.73,-4.34
1058,232000.0,580,39,-2.7,-4.05
1059,236000.0,590,39,-2.67,-3.76
1060,160000.0,400,42,-3.43,-10.25
1061,164000.0,410,42,-3.38,-9.9
1062,168000.0,420,42,-3.34,-9.56
1063,172000.0,430,42,-3.3,-9.21
1064,176000.0,440,42,-3.27,-8.86
1065,180000.0,450,42,-3.25,-8.49
1066,184000.0,460,42,-3.23,-8.12
1067,188000.0,470,42,-3.22,-7.76
1068,192000.0,480,42,-3.2,-7.39
1069,196000.0,490,42,-3.19,-7.02
1070,200000.0,500,42,-3.17,-6.67
1071,204000.0,510,42,-3.17,-6.35
1072,208000.0,520,42,-3.16,-6.04
1073,212000.0,530,42,-3.16,-5.72
1074,216000.0,540,42,-3.16,-5.41
1075,220000.0,550,42,-3.14,-5.1
1076,224000.0,560,42,-3.12,-4.8
1077,228000.0,570,42,-3.11,-4.5
1078,232000.0,580,42,-3.11,-4.2
1079,236000.0,590,42,-3.13,-3.9
1080,160000.0,400,45,-3.89,-10.27
1081,164000.0,410,45,-3.89,-9.94
1082,168000.0,420,45,-3.89,-9.61
1083,172000.0,430,45,-3.88,-9.3
1084,176000.0,440,45,-3.88,-8.98
1085,180000.0,450,45,-3.88,-8.67
1086,184000.0,460,45,-3.87,-8.36
1087,188000.0,470,45,-3.87,-8.05
1088,192000.0,480,45,-3.87,-7.73
1089,196000.0,490,45,-3.84,-7.39
1090,200000.0,500,45,-3.81,-7.03
1091,204000.0,510,45,-3.78,-6.67
1092,208000.0,520,45,-3.74,-6.31
1093,212000.0,530,45,-3.71,-5.95
1094,216000.0,540,45,-3.69,-5.61
1095,220000.0,550,45,-3.68,-5.31
1096,224000.0,560,45,-3.68,-5.02
1097,228000.0,570,45,-3.68,-4.72
1098,232000.0,580,45,-3.66,-4.4
1099,236000.0,590,45,-3.62,-4.07
1100,160000.0,400,48,-4.49,-10.62
1101,164000.0,410,48,-4.49,-10.29
1102,168000.0,420,48,-4.49,-9.97
1103,172000.0,430,48,-4.5,-9.65
1104,176000.0,440,48,-4.48,-9.3
1105,180000.0,450,48,-4.45,-8.93
1106,184000.0,460,48,-4.42,-8.56
1107,188000.0,470,48,-4.39,-8.19
1108,192000.0,480,48,-4.35,-7.81
1109,196000.0,490,48,-4.32,-7.44
1110,200000.0,500,48,-4.29,-7.07
1111,204000.0,510,48,-4.26,-6.7
1112,208000.0,520,48,-4.26,-6.38
1113,212000.0,530,48,-4.26,-6.09
1114,216000.0,540,48,-4.26,-5.79
1115,220000.0,550,48,-4.26,-5.49
1116,224000.0,560,48,-4.26,-5.19
1117,228000.0,570,48,-4.26,-4.9
1118,232000.0,580,48,-4.24,-4.57
1119,236000.0,590,48,-4.21,-4.24
1120,160000.0,400,51,-3.88,-19.37
1121,164000.0,410,51,-3.4,-18.56
1122,168000.0,420,51,-2.91,-17.76
1123,172000.0,430,51,-2.51,-17.02
1124,176000.0,440,51,-2.46,-16.57
1125,180000.0,450,51,-2.41,-16.12
1126,184000.0,460,51,-2.36,-15.67
1127,188000.0,470,51,-2.32,-15.21
1128,192000.0,480,51,-2.27,-14.76
1129,196000.0,490,51,-2.22,-14.31
1130,200000.0,500,51,-2.32,-13.83
1131,204000.0,510,51,-2.42,-13.35
1132,208000.0,520,51,-2.52,-12.86
1133,212000.0,530,51,-2.62,-12.38
1134,216000.0,540,51,-2.73,-11.9
1135,220000.0,550,51,-2.96,-11.42
1136,224000.0,560,51,-3.19,-10.95
1137,228000.0,570,51,-3.43,-10.48
1138,232000.0,580,51,-3.67,-10.1
1139,236000.0,590,51,-3.91,-9.73
1140,160000.0,400,57,-3.6,-17.84
1141,164000.0,410,57,-3.52,-17.24
1142,168000.0,420,57,-3.43,-16.63
1143,172000.0,430,57,-3.35,-16.03
1144,176000.0,440,57,-3.3,-15.48
1145,180000.0,450,57,-3.27,-14.96
1146,184000.0,460,57,-3.25,-14.44
1147,188000.0,470,57,-3.23,-13.93
1148,192000.0,480,57,-3.2,-13.41
1149,196000.0,490,57,-3.18,-12.9
1150,200000.0,500,57,-3.15,-12.38
1151,204000.0,510,57,-3.13,-11.87
1152,208000.0,520,57,-3.1,-11.36
1153,212000.0,530,57,-3.08,-10.88
1154,216000.0,540,57,-3.06,-10.4
1155,220000.0,550,57,-3.04,-9.92
1156,224000.0,560,57,-3.01,-9.44
1157,228000.0,570,57,-2.99,-8.96
1158,232000.0,580,57,-2.98,-8.52
1159,236000.0,590,57,-2.99,-8.11
1160,160000.0,400,60,-3.07,-17.81
1161,164000.0,410,60,-2.99,-17.2
1162,168000.0,420,60,-2.9,-16.59
1163,172000.0,430,60,-2.87,-16.05
1164,176000.0,440,60,-2.85,-15.53
1165,180000.0,450,60,-2.83,-15.01
1166,184000.0,460,60,-2.8,-14.49
1167,188000.0,470,60,-2.78,-13.96
1168,192000.0,480,60,-2.76,-13.44
1169,196000.0,490,60,-2.74,-12.92
1170,200000.0,500,60,-2.71,-12.4
1171,204000.0,510,60,-2.69,-11.92
1172,208000.0,520,60,-2.67,-11.43
1173,212000.0,530,60,-2.64,-10.95
1174,216000.0,540,60,-2.62,-10.46
1175,220000.0,550,60,-2.59,-9.98
1176,224000.0,560,60,-2.57,-9.49
1177,228000.0,570,60,-2.57,-9.04
1178,232000.0,580,60,-2.6,-8.61
1179,236000.0,590,60,-2.62,-8.18
1180,172000.0,430,54,-3.88,-18.4
1181,176000.0,440,54,-3.89,-17.68
1182,180000.0,450,54,-3.9,-16.97
1183,184000.0,460,54,-3.91,-16.25
1184,188000.0,470,54,-3.91,-15.53
1185,192000.0,480,54,-3.92,-14.82
1186,196000.0,490,54,-3.92,-14.18
1187,200000.0,500,54,-3.92,-13.6
1188,204000.0,510,54,-3.91,-13.01
1189,208000.0,520,54,-3.9,-12.42
1190,212000.0,530,54,-3.9,-11.84
1191,216000.0,540,54,-3.9,-11.26
1192,220000.0,550,54,-3.92,-10.7
1193,224000.0,560,54,-3.93,-10.13
1194,228000.0,570,54,-3.94,-9.56
1195,232000.0,580,54,-3.99,-9.11
1196,236000.0,590,54,-4.04,-8.67
1197,240000.0,600,54,-4.09,-8.24
1198,244000.0,610,54,-4.14,-7.8
1199,248000.0,620,54,-4.19,-7.37
